(*CacheID: 234*)
(* Internal cache information:
NotebookFileLineBreakTest
NotebookFileLineBreakTest
NotebookDataPosition[         0,          0]
NotebookDataLength[   2568363,      43239]
NotebookOptionsPosition[   2561040,      43085]
NotebookOutlinePosition[   2561464,      43102]
CellTagsIndexPosition[   2561421,      43099]
WindowFrame->Normal*)

(* Beginning of Notebook Content *)
Notebook[{

Cell[CellGroupData[{
Cell["Q3: Q for Quantum", "Title",ExpressionUUID->"73978417-c574-4289-9790-d019baee0484"],

Cell[TextData[{
 "Inspired by ",
 ButtonBox["V. M. Chapela",
  BaseStyle->"Hyperlink",
  ButtonData->{
    URL["http://demonstrations.wolfram.com/author.html?author=V.+M.+Chapela"],
     None},
  ButtonNote->
   "http://demonstrations.wolfram.com/author.html?author=V.+M.+Chapela"],
 " and ",
 ButtonBox["M. J. Percino",
  BaseStyle->"Hyperlink",
  ButtonData->{
    URL["http://demonstrations.wolfram.com/author.html?author=M.+J.+Percino"],
     None},
  ButtonNote->
   "http://demonstrations.wolfram.com/author.html?author=M.+J.+Percino"],
 ", \"",
 ButtonBox["M\[ODoubleDot]bius Strip as a Half-Twisted Square Torus",
  BaseStyle->"Hyperlink",
  ButtonData->{
    URL["http://demonstrations.wolfram.com/\
MoebiusStripAsAHalfTwistedSquareTorus/"], None},
  ButtonNote->
   "http://demonstrations.wolfram.com/MoebiusStripAsAHalfTwistedSquareTorus/"],
 "\" contributed to ",
 ButtonBox["the Wolfram Demonstrations Project",
  BaseStyle->"Hyperlink",
  ButtonData->{
    URL["http://demonstrations.wolfram.com/"], None},
  ButtonNote->"http://demonstrations.wolfram.com/"],
 " ",
 ButtonBox["http://demonstrations.wolfram.com/\
MoebiusStripAsAHalfTwistedSquareTorus/",
  BaseStyle->"Hyperlink",
  ButtonData->{
    URL["http://demonstrations.wolfram.com/\
MoebiusStripAsAHalfTwistedSquareTorus/"], None},
  ButtonNote->
   "http://demonstrations.wolfram.com/MoebiusStripAsAHalfTwistedSquareTorus/"]\

}], "Text",
 CellMargins->{{48, Inherited}, {0, Inherited}},
 CellChangeTimes->{{3.867918369746489*^9, 3.867918385381794*^9}, {
  3.8679190678054247`*^9, 3.867919068816783*^9}, {3.867928328603382*^9, 
  3.867928331122281*^9}},
 FontFamily->"Verdana",
 FontSize->10,
 FontColor->GrayLevel[
  0.5],ExpressionUUID->"6282ce29-f574-42a0-bb1f-eab6f1dbcca3"],

Cell[BoxData[
 RowBox[{"Quit", "[", "]"}]], "Input",
 CellChangeTimes->{{3.867927873884457*^9, 3.86792787651066*^9}},
 CellLabel->
  "In[708]:=",ExpressionUUID->"570d72bd-7310-4d60-920d-2a79efb6d934"],

Cell[BoxData[{
 RowBox[{
  RowBox[{"$size", "=", "1"}], ";"}], "\[IndentingNewLine]", 
 RowBox[{
  RowBox[{"$thickness", "=", "0.125"}], ";"}], "\[IndentingNewLine]", 
 RowBox[{
  RowBox[{"$handle", "=", "1.75"}], ";"}], "\[IndentingNewLine]", 
 RowBox[{
  RowBox[{"$radius", "=", "1.5"}], ";"}], "\[IndentingNewLine]", 
 RowBox[{
  RowBox[{"$n", "=", "50"}], ";"}], "\[IndentingNewLine]", 
 RowBox[{
  RowBox[{"$frequency", "=", 
   RowBox[{"3", "/", "4"}]}], ";"}], "\[IndentingNewLine]", 
 RowBox[{
  RowBox[{"$large", "=", "1000"}], ";"}], "\[IndentingNewLine]", 
 RowBox[{
  RowBox[{"$medium", "=", "600"}], ";"}], "\[IndentingNewLine]", 
 RowBox[{
  RowBox[{"$small", "=", "400"}], ";"}], "\[IndentingNewLine]", 
 RowBox[{
  RowBox[{"$topView", "=", 
   RowBox[{"{", 
    RowBox[{"1.3", ",", 
     RowBox[{"-", "2.4"}], ",", "10."}], "}"}]}], ";"}]}], "Input",
 CellLabel->"In[1]:=",
 CellID->1894661832,ExpressionUUID->"dbb15a3d-6ed0-4a5f-9f30-9f17372b8bee"],

Cell[CellGroupData[{

Cell["Base", "Section",
 CellChangeTimes->{{3.8679279090907803`*^9, 3.867927909415146*^9}, {
  3.8682174628675137`*^9, 3.868217473886078*^9}, {3.8682178631372967`*^9, 
  3.8682178634726458`*^9}},
 CellID->2082050086,ExpressionUUID->"e1e4c442-2120-4aff-a201-a239279616fb"],

Cell[BoxData[{
 RowBox[{
  RowBox[{
   RowBox[{"brick", "[", "angle_", "]"}], ":=", 
   RowBox[{"GeometricTransformation", "[", "\[IndentingNewLine]", 
    RowBox[{
     RowBox[{"Rotate", "[", 
      RowBox[{
       RowBox[{"Cuboid", 
        StyleBox["[",
         FontSize->14], 
        RowBox[{
         RowBox[{"{", 
          RowBox[{
           RowBox[{
            RowBox[{"-", "$size"}], "/", "2"}], ",", 
           RowBox[{
            RowBox[{"-", "$thickness"}], "/", "2"}], ",", 
           RowBox[{
            RowBox[{"-", "$size"}], "/", "2"}]}], "}"}], ",", 
         RowBox[{"{", 
          RowBox[{
           RowBox[{"$size", "/", "2"}], ",", 
           RowBox[{"$thickness", "/", "2"}], 
           StyleBox[",",
            FontColor->GrayLevel[0]], 
           StyleBox[
            RowBox[{"$size", "/", "2"}],
            FontColor->GrayLevel[0]]}], "}"}]}], "]"}], ",", 
       RowBox[{"$frequency", "*", "angle"}], ",", 
       RowBox[{"{", 
        RowBox[{"0", ",", "1", ",", "0"}], "}"}], 
       StyleBox[" ",
        FontColor->RGBColor[0, 0, 1]], ",", 
       RowBox[{"{", 
        RowBox[{"0", ",", "0", ",", "0"}], "}"}]}], "]"}], ",", 
     "\[IndentingNewLine]", 
     RowBox[{"{", 
      RowBox[{
       RowBox[{"RotationMatrix", "[", 
        RowBox[{"angle", ",", 
         RowBox[{"{", 
          RowBox[{"0", ",", "0", ",", "1"}], "}"}]}], "]"}], ",", " ", 
       RowBox[{"{", 
        RowBox[{
         RowBox[{"$radius", "*", 
          RowBox[{"Cos", "[", "angle", "]"}]}], ",", 
         RowBox[{"$radius", "*", 
          RowBox[{"Sin", "[", "angle", "]"}]}], ",", "0"}], "}"}]}], "}"}]}], 
    "\[IndentingNewLine]", "]"}]}], ";"}], "\[IndentingNewLine]", 
 RowBox[{
  RowBox[{
   RowBox[{"handle", "[", "angle_", "]"}], ":=", 
   RowBox[{"GeometricTransformation", "[", "\[IndentingNewLine]", 
    RowBox[{
     RowBox[{"Rotate", "[", 
      RowBox[{
       RowBox[{"Cuboid", 
        StyleBox["[",
         FontSize->14], 
        RowBox[{
         RowBox[{"{", 
          RowBox[{
           RowBox[{
            RowBox[{"-", "$size"}], "/", "2"}], ",", 
           RowBox[{
            RowBox[{"-", "$thickness"}], "/", "2"}], ",", 
           RowBox[{
            RowBox[{"-", "$handle"}], "/", "2"}]}], "}"}], ",", 
         RowBox[{"{", 
          RowBox[{
           RowBox[{"$size", "/", "2"}], ",", 
           RowBox[{"$thickness", "/", "2"}], 
           StyleBox[",",
            FontColor->GrayLevel[0]], 
           StyleBox[
            RowBox[{"$handle", "/", "2"}],
            FontColor->GrayLevel[0]]}], "}"}]}], "]"}], ",", 
       RowBox[{"$frequency", "*", "angle"}], ",", 
       RowBox[{"{", 
        RowBox[{"0", ",", "1", ",", "0"}], "}"}], 
       StyleBox[" ",
        FontColor->RGBColor[0, 0, 1]], ",", 
       RowBox[{"{", 
        RowBox[{"0", ",", "0", ",", "0"}], "}"}]}], "]"}], ",", 
     "\[IndentingNewLine]", 
     RowBox[{"{", 
      RowBox[{
       RowBox[{"RotationMatrix", "[", " ", 
        RowBox[{"angle", ",", 
         RowBox[{"{", 
          RowBox[{"0", ",", "0", ",", "1"}], "}"}]}], "]"}], ",", " ", 
       RowBox[{"{", 
        RowBox[{
         RowBox[{"$radius", "*", 
          RowBox[{"Cos", "[", "angle", "]"}]}], ",", 
         RowBox[{"$radius", "*", 
          RowBox[{"Sin", "[", "angle", "]"}]}], ",", "0"}], "}"}]}], "}"}]}], 
    "\[IndentingNewLine]", "]"}]}], ";"}], "\[IndentingNewLine]", 
 RowBox[{
  RowBox[{"bricks", " ", "=", 
   RowBox[{"Table", "[", 
    RowBox[{
     RowBox[{"brick", "[", "a", "]"}], ",", 
     RowBox[{"{", 
      RowBox[{"a", ",", "0", ",", " ", 
       RowBox[{"2", "Pi"}], ",", 
       RowBox[{"2", 
        RowBox[{"Pi", "/", "$n"}]}]}], "}"}]}], "]"}]}], 
  ";"}], "\[IndentingNewLine]", 
 RowBox[{
  RowBox[{"handles", "=", 
   RowBox[{"Table", "[", 
    RowBox[{
     RowBox[{"handle", "[", 
      RowBox[{"2", "Pi", "*", 
       RowBox[{"k", "/", "$n"}]}], "]"}], ",", 
     RowBox[{"{", 
      RowBox[{"k", ",", 
       RowBox[{"$n", "-", "3"}], ",", 
       RowBox[{"$n", "-", "1"}]}], "}"}]}], "]"}]}], ";"}]}], "Input",
 CellLabel->"In[11]:=",
 CellID->248526253,ExpressionUUID->"46bd2e2b-33ca-4d58-9714-fcef6c7d437f"],

Cell[CellGroupData[{

Cell["Size variants", "Subsection",
 CellChangeTimes->{{3.8682154258636208`*^9, 3.8682154303169823`*^9}},
 CellID->125040756,ExpressionUUID->"f6c35cab-28ef-4dc9-aa0b-9c1d1d61e2fe"],

Cell[CellGroupData[{

Cell[BoxData[
 RowBox[{"fig1a", "=", 
  RowBox[{"Graphics3D", "[", " ", 
   RowBox[{
    RowBox[{"{", 
     RowBox[{
      RowBox[{"EdgeForm", "[", "]"}], ",", "Cyan", ",", "bricks", ",", 
      "handles"}], "}"}], ",", "\[IndentingNewLine]", 
    RowBox[{"ImageSize", "\[Rule]", "$large"}], ",", "\[IndentingNewLine]", 
    RowBox[{"ViewPoint", "\[Rule]", "$topView"}], ",", "\[IndentingNewLine]", 
    
    RowBox[{"Boxed", "\[Rule]", "False"}], ",", 
    RowBox[{"Axes", "\[Rule]", "None"}], ",", 
    RowBox[{"SphericalRegion", "->", "True"}]}], "]"}]}]], "Input",
 CellChangeTimes->{{3.4313573221367874`*^9, 3.4313574949967875`*^9}, {
   3.4313577511717873`*^9, 3.4313577944377875`*^9}, {3.4313579754457874`*^9, 
   3.4313579767117877`*^9}, {3.431358037696788*^9, 3.4313580716667876`*^9}, {
   3.4313581133487873`*^9, 3.4313581247777877`*^9}, 3.431435163782*^9, {
   3.431436043859*^9, 3.431436045498*^9}, {3.4317144027871923`*^9, 
   3.431714405112192*^9}, {3.4317170761061926`*^9, 3.431717096133192*^9}, {
   3.431728511671875*^9, 3.431728581359375*^9}, {3.431728620140625*^9, 
   3.43172864465625*^9}, {3.431789752764083*^9, 3.4317897753731685`*^9}, {
   3.431789809028988*^9, 3.431789910605812*^9}, 3.4317899738081284`*^9, {
   3.431790007604571*^9, 3.4317900106357822`*^9}, {3.431790065181959*^9, 
   3.4317900734006033`*^9}, 3.431790103509593*^9, {3.4317901473371572`*^9, 
   3.431790174524309*^9}, 3.431790211055092*^9, {3.4317902583201113`*^9, 
   3.43179035102205*^9}, {3.849412828489667*^9, 3.849412831201674*^9}, {
   3.849412913914123*^9, 3.849412913961947*^9}, {3.849412988656502*^9, 
   3.849413018917486*^9}, {3.8494131041998177`*^9, 3.849413105700574*^9}, {
   3.8494131875679407`*^9, 3.849413222506794*^9}, {3.849413290340187*^9, 
   3.849413358490444*^9}, {3.849413391115283*^9, 3.849413406097726*^9}, {
   3.849413530926044*^9, 3.8494135315599337`*^9}, {3.867914678857954*^9, 
   3.867914688215494*^9}, {3.867914852517088*^9, 3.867914852577199*^9}, {
   3.867915075003951*^9, 3.867915084889608*^9}, {3.867915190810896*^9, 
   3.867915252217101*^9}, {3.867915491443995*^9, 3.867915491644713*^9}, {
   3.867915526318019*^9, 3.8679155534086313`*^9}, {3.867915715865073*^9, 
   3.8679157603913517`*^9}, {3.8679157912043123`*^9, 3.867915808865532*^9}, {
   3.867915850733461*^9, 3.8679158545576477`*^9}, {3.867915886996264*^9, 
   3.86791591332695*^9}, {3.867917009675267*^9, 3.8679170202718*^9}, {
   3.86791713603861*^9, 3.867917153699119*^9}, {3.867917342074759*^9, 
   3.867917462140026*^9}, {3.867917559335168*^9, 3.867917591548579*^9}, {
   3.867917750166304*^9, 3.867917755604919*^9}, {3.867917945036243*^9, 
   3.867918120386879*^9}, {3.867918165876194*^9, 3.8679181902758503`*^9}, {
   3.86791899856387*^9, 3.867919022317853*^9}, {3.8679191221484127`*^9, 
   3.867919134283465*^9}, {3.8679192010561867`*^9, 3.867919210244364*^9}, {
   3.867919256586471*^9, 3.867919281497064*^9}, {3.867920343001151*^9, 
   3.867920362217188*^9}, {3.867920424888546*^9, 3.8679204336048098`*^9}, {
   3.867920500826139*^9, 3.867920506968267*^9}, {3.867920538919653*^9, 
   3.867920548068791*^9}, {3.867920606486161*^9, 3.8679206081120462`*^9}, {
   3.867920690447172*^9, 3.867920734485538*^9}, {3.8679208638759117`*^9, 
   3.867920864167427*^9}, {3.867920895192421*^9, 3.867920936005266*^9}, {
   3.867921215753738*^9, 3.867921242146984*^9}, {3.867921705199691*^9, 
   3.86792170673238*^9}, {3.867922593919838*^9, 3.86792260136623*^9}, {
   3.867922649714574*^9, 3.867922709109556*^9}, {3.867925539268003*^9, 
   3.867925557581953*^9}, {3.867927085075893*^9, 3.867927088242189*^9}, {
   3.867927278308756*^9, 3.867927295025218*^9}, {3.867927696512479*^9, 
   3.867927724219998*^9}, {3.867927757714786*^9, 3.867927766911366*^9}, 
   3.867927920865036*^9, 3.867927952993372*^9, {3.867928036126884*^9, 
   3.8679280403341208`*^9}, {3.8679281187606487`*^9, 3.867928124797411*^9}, {
   3.867928207003601*^9, 3.867928207431518*^9}, {3.867978243772806*^9, 
   3.867978245083572*^9}, 3.8679782984025393`*^9, {3.868215044029603*^9, 
   3.868215058294334*^9}, {3.868215128067793*^9, 3.868215168722753*^9}, {
   3.868215662282462*^9, 3.868215664735902*^9}},
 CellLabel->"In[15]:=",
 CellID->1320979326,ExpressionUUID->"43e9cde4-4516-4dd3-94c2-055a2b23b8ca"],

Cell[BoxData[
 Graphics3DBox[
  {RGBColor[0, 1, 1], EdgeForm[
   None], {GeometricTransformation3DBox[
     GeometricTransformation3DBox[
      CuboidBox[
       NCache[{Rational[-1, 2], -0.0625, 
         Rational[-1, 2]}, {-0.5, -0.0625, -0.5}], 
       NCache[{Rational[1, 2], 0.0625, Rational[1, 2]}, {0.5, 0.0625, 
        0.5}]], {{{1, 0, 0}, {0, 1, 0}, {0, 0, 1}}, {0, 0, 0}}], {{{1, 0, 
      0}, {0, 1, 0}, {0, 0, 1}}, {1.5, 0., 0}}], 
    GeometricTransformation3DBox[
     GeometricTransformation3DBox[
      CuboidBox[
       NCache[{Rational[-1, 2], -0.0625, 
         Rational[-1, 2]}, {-0.5, -0.0625, -0.5}], 
       NCache[{Rational[1, 2], 0.0625, Rational[1, 2]}, {0.5, 0.0625, 0.5}]], 
      NCache[{{{Cos[Rational[3, 100] Pi], 0, Sin[Rational[3, 100] Pi]}, {0, 1,
          0}, {-Sin[Rational[3, 100] Pi], 0, Cos[Rational[3, 100] Pi]}}, {0, 
        0, 0}}, {{{0.99556196460308, 0, 0.09410831331851431}, {0, 1, 
         0}, {-0.09410831331851431, 0, 0.99556196460308}}, {0, 0, 0}}]], 
     NCache[{{{Cos[Rational[1, 25] Pi], -Sin[Rational[1, 25] Pi], 0}, {
        Sin[Rational[1, 25] Pi], Cos[Rational[1, 25] Pi], 0}, {0, 0, 1}}, {
       1.4881720519717168`, 0.1879998503464564, 0}}, {{{
        0.9921147013144779, -0.12533323356430426`, 0}, {
        0.12533323356430426`, 0.9921147013144779, 0}, {0, 0, 1}}, {
       1.4881720519717168`, 0.1879998503464564, 0}}]], 
    GeometricTransformation3DBox[
     GeometricTransformation3DBox[
      CuboidBox[
       NCache[{Rational[-1, 2], -0.0625, 
         Rational[-1, 2]}, {-0.5, -0.0625, -0.5}], 
       NCache[{Rational[1, 2], 0.0625, Rational[1, 2]}, {0.5, 0.0625, 0.5}]], 
      NCache[{{{Cos[Rational[3, 50] Pi], 0, Sin[Rational[3, 50] Pi]}, {0, 1, 
         0}, {-Sin[Rational[3, 50] Pi], 0, Cos[Rational[3, 50] Pi]}}, {0, 0, 
        0}}, {{{0.9822872507286887, 0, 0.1873813145857246}, {0, 1, 
         0}, {-0.1873813145857246, 0, 0.9822872507286887}}, {0, 0, 0}}]], 
     NCache[{{{Cos[Rational[2, 25] Pi], -Sin[Rational[2, 25] Pi], 0}, {
        Sin[Rational[2, 25] Pi], Cos[Rational[2, 25] Pi], 0}, {0, 0, 1}}, {
       1.4528747416929466`, 0.37303483074728216`, 0}}, {{{
        0.9685831611286311, -0.2486898871648548, 0}, {
        0.2486898871648548, 0.9685831611286311, 0}, {0, 0, 1}}, {
       1.4528747416929466`, 0.37303483074728216`, 0}}]], 
    GeometricTransformation3DBox[
     GeometricTransformation3DBox[
      CuboidBox[
       NCache[{Rational[-1, 2], -0.0625, 
         Rational[-1, 2]}, {-0.5, -0.0625, -0.5}], 
       NCache[{Rational[1, 2], 0.0625, Rational[1, 2]}, {0.5, 0.0625, 0.5}]], 
      NCache[{{{Cos[Rational[9, 100] Pi], 0, Sin[Rational[9, 100] Pi]}, {0, 1,
          0}, {-Sin[Rational[9, 100] Pi], 0, Cos[Rational[9, 100] Pi]}}, {0, 
        0, 0}}, {{{0.9602936856769431, 0, 0.2789911060392293}, {0, 1, 
         0}, {-0.2789911060392293, 0, 0.9602936856769431}}, {0, 0, 0}}]], 
     NCache[{{{Cos[Rational[3, 25] Pi], -Sin[Rational[3, 25] Pi], 0}, {
        Sin[Rational[3, 25] Pi], Cos[Rational[3, 25] Pi], 0}, {0, 0, 1}}, {
       1.3946647288323772`, 0.5521868290270169, 0}}, {{{
        0.9297764858882515, -0.3681245526846779, 0}, {
        0.3681245526846779, 0.9297764858882515, 0}, {0, 0, 1}}, {
       1.3946647288323772`, 0.5521868290270169, 0}}]], 
    GeometricTransformation3DBox[
     GeometricTransformation3DBox[
      CuboidBox[
       NCache[{Rational[-1, 2], -0.0625, 
         Rational[-1, 2]}, {-0.5, -0.0625, -0.5}], 
       NCache[{Rational[1, 2], 0.0625, Rational[1, 2]}, {0.5, 0.0625, 0.5}]], 
      NCache[{{{Cos[Rational[3, 25] Pi], 0, Sin[Rational[3, 25] Pi]}, {0, 1, 
         0}, {-Sin[Rational[3, 25] Pi], 0, Cos[Rational[3, 25] Pi]}}, {0, 0, 
        0}}, {{{0.9297764858882515, 0, 0.3681245526846779}, {0, 1, 
         0}, {-0.3681245526846779, 0, 0.9297764858882515}}, {0, 0, 0}}]], 
     NCache[{{{Cos[Rational[4, 25] Pi], -Sin[Rational[4, 25] Pi], 0}, {
        Sin[Rational[4, 25] Pi], Cos[Rational[4, 25] Pi], 0}, {0, 0, 1}}, {
       1.3144600200657954`, 0.722630511152573, 0}}, {{{
        0.8763066800438636, -0.4817536741017153, 0}, {
        0.4817536741017153, 0.8763066800438636, 0}, {0, 0, 1}}, {
       1.3144600200657954`, 0.722630511152573, 0}}]], 
    GeometricTransformation3DBox[
     GeometricTransformation3DBox[
      CuboidBox[
       NCache[{Rational[-1, 2], -0.0625, 
         Rational[-1, 2]}, {-0.5, -0.0625, -0.5}], 
       NCache[{Rational[1, 2], 0.0625, Rational[1, 2]}, {0.5, 0.0625, 0.5}]], 
      NCache[{{{Cos[Rational[3, 20] Pi], 0, Sin[Rational[3, 20] Pi]}, {0, 1, 
         0}, {-Sin[Rational[3, 20] Pi], 0, Cos[Rational[3, 20] Pi]}}, {0, 0, 
        0}}, {{{0.8910065241883679, 0, 0.4539904997395468}, {0, 1, 
         0}, {-0.4539904997395468, 0, 0.8910065241883679}}, {0, 0, 0}}]], 
     NCache[{{{
        Rational[1, 4] (1 + 5^Rational[1, 2]), 
         Rational[-1, 2] (Rational[1, 2] (5 - 5^Rational[1, 2]))^
          Rational[1, 2], 0}, {
        Rational[1, 2] (Rational[1, 2] (5 - 5^Rational[1, 2]))^Rational[1, 2],
          Rational[1, 4] (1 + 5^Rational[1, 2]), 0}, {0, 0, 1}}, {
       1.2135254915624212`, 0.8816778784387097, 0}}, {{{
        0.8090169943749475, -0.5877852522924731, 0}, {
        0.5877852522924731, 0.8090169943749475, 0}, {0, 0, 1}}, {
       1.2135254915624212`, 0.8816778784387097, 0}}]], 
    GeometricTransformation3DBox[
     GeometricTransformation3DBox[
      CuboidBox[
       NCache[{Rational[-1, 2], -0.0625, 
         Rational[-1, 2]}, {-0.5, -0.0625, -0.5}], 
       NCache[{Rational[1, 2], 0.0625, Rational[1, 2]}, {0.5, 0.0625, 0.5}]], 
      NCache[{{{Cos[Rational[9, 50] Pi], 0, Sin[Rational[9, 50] Pi]}, {0, 1, 
         0}, {-Sin[Rational[9, 50] Pi], 0, Cos[Rational[9, 50] Pi]}}, {0, 0, 
        0}}, {{{0.8443279255020151, 0, 0.5358267949789967}, {0, 1, 
         0}, {-0.5358267949789967, 0, 0.8443279255020151}}, {0, 0, 0}}]], 
     NCache[{{{Cos[Rational[6, 25] Pi], -Sin[Rational[6, 25] Pi], 0}, {
        Sin[Rational[6, 25] Pi], Cos[Rational[6, 25] Pi], 0}, {0, 0, 1}}, {
       1.0934529411321172`, 1.0268206588930329`, 0}}, {{{
        0.7289686274214116, -0.6845471059286886, 0}, {
        0.6845471059286886, 0.7289686274214116, 0}, {0, 0, 1}}, {
       1.0934529411321172`, 1.0268206588930329`, 0}}]], 
    GeometricTransformation3DBox[
     GeometricTransformation3DBox[
      CuboidBox[
       NCache[{Rational[-1, 2], -0.0625, 
         Rational[-1, 2]}, {-0.5, -0.0625, -0.5}], 
       NCache[{Rational[1, 2], 0.0625, Rational[1, 2]}, {0.5, 0.0625, 0.5}]], 
      NCache[{{{Cos[Rational[21, 100] Pi], 0, Sin[Rational[21, 100] Pi]}, {0, 
         1, 0}, {-Sin[Rational[21, 100] Pi], 0, Cos[Rational[21, 100] Pi]}}, {
        0, 0, 0}}, {{{0.7901550123756904, 0, 0.6129070536529764}, {0, 1, 
         0}, {-0.6129070536529764, 0, 0.7901550123756904}}, {0, 0, 0}}]], 
     NCache[{{{Sin[Rational[11, 50] Pi], -Cos[Rational[11, 50] Pi], 0}, {
        Cos[Rational[11, 50] Pi], Sin[Rational[11, 50] Pi], 0}, {0, 0, 1}}, {
       0.9561359846230344, 1.155769864163684, 0}}, {{{
        0.6374239897486896, -0.7705132427757893, 0}, {
        0.7705132427757893, 0.6374239897486896, 0}, {0, 0, 1}}, {
       0.9561359846230344, 1.155769864163684, 0}}]], 
    GeometricTransformation3DBox[
     GeometricTransformation3DBox[
      CuboidBox[
       NCache[{Rational[-1, 2], -0.0625, 
         Rational[-1, 2]}, {-0.5, -0.0625, -0.5}], 
       NCache[{Rational[1, 2], 0.0625, Rational[1, 2]}, {0.5, 0.0625, 0.5}]], 
      NCache[{{{Cos[Rational[6, 25] Pi], 0, Sin[Rational[6, 25] Pi]}, {0, 1, 
         0}, {-Sin[Rational[6, 25] Pi], 0, Cos[Rational[6, 25] Pi]}}, {0, 0, 
        0}}, {{{0.7289686274214116, 0, 0.6845471059286886}, {0, 1, 
         0}, {-0.6845471059286886, 0, 0.7289686274214116}}, {0, 0, 0}}]], 
     NCache[{{{Sin[Rational[9, 50] Pi], -Cos[Rational[9, 50] Pi], 0}, {
        Cos[Rational[9, 50] Pi], Sin[Rational[9, 50] Pi], 0}, {0, 0, 1}}, {
       0.803740192468495, 1.2664918882530225`, 0}}, {{{
        0.5358267949789967, -0.8443279255020151, 0}, {
        0.8443279255020151, 0.5358267949789967, 0}, {0, 0, 1}}, {
       0.803740192468495, 1.2664918882530225`, 0}}]], 
    GeometricTransformation3DBox[
     GeometricTransformation3DBox[
      CuboidBox[
       NCache[{Rational[-1, 2], -0.0625, 
         Rational[-1, 2]}, {-0.5, -0.0625, -0.5}], 
       NCache[{Rational[1, 2], 0.0625, Rational[1, 2]}, {0.5, 0.0625, 0.5}]], 
      NCache[{{{Sin[Rational[23, 100] Pi], 0, Cos[Rational[23, 100] Pi]}, {0, 
         1, 0}, {-Cos[Rational[23, 100] Pi], 0, Sin[Rational[23, 100] Pi]}}, {
        0, 0, 0}}, {{{0.6613118653236518, 0, 0.7501110696304596}, {0, 1, 
         0}, {-0.7501110696304596, 0, 0.6613118653236518}}, {0, 0, 0}}]], 
     NCache[{{{Sin[Rational[7, 50] Pi], -Cos[Rational[7, 50] Pi], 0}, {
        Cos[Rational[7, 50] Pi], Sin[Rational[7, 50] Pi], 0}, {0, 0, 1}}, {
       0.6386689373476091, 1.3572405786990291`, 0}}, {{{
        0.4257792915650727, -0.9048270524660195, 0}, {
        0.9048270524660195, 0.4257792915650727, 0}, {0, 0, 1}}, {
       0.6386689373476091, 1.3572405786990291`, 0}}]], 
    GeometricTransformation3DBox[
     GeometricTransformation3DBox[
      CuboidBox[
       NCache[{Rational[-1, 2], -0.0625, 
         Rational[-1, 2]}, {-0.5, -0.0625, -0.5}], 
       NCache[{Rational[1, 2], 0.0625, Rational[1, 2]}, {0.5, 0.0625, 0.5}]], 
      NCache[{{{
         Rational[1, 2] (Rational[1, 2] (5 - 5^Rational[1, 2]))^
           Rational[1, 2], 0, Rational[1, 4] (1 + 5^Rational[1, 2])}, {0, 1, 
         0}, {Rational[1, 4] (-1 - 5^Rational[1, 2]), 0, 
          Rational[1, 2] (Rational[1, 2] (5 - 5^Rational[1, 2]))^
           Rational[1, 2]}}, {0, 0, 
        0}}, {{{0.5877852522924731, 0, 0.8090169943749475}, {0, 1, 
         0}, {-0.8090169943749475, 0, 0.5877852522924731}}, {0, 0, 0}}]], 
     NCache[{{{
        Rational[1, 4] (-1 + 5^Rational[1, 2]), 
         Rational[-1, 2] (Rational[1, 2] (5 + 5^Rational[1, 2]))^
          Rational[1, 2], 0}, {
        Rational[1, 2] (Rational[1, 2] (5 + 5^Rational[1, 2]))^Rational[1, 2],
          Rational[1, 4] (-1 + 5^Rational[1, 2]), 0}, {0, 0, 1}}, {
       0.4635254915624212, 1.4265847744427302`, 0}}, {{{
        0.30901699437494745`, -0.9510565162951535, 0}, {
        0.9510565162951535, 0.30901699437494745`, 0}, {0, 0, 1}}, {
       0.4635254915624212, 1.4265847744427302`, 0}}]], 
    GeometricTransformation3DBox[
     GeometricTransformation3DBox[
      CuboidBox[
       NCache[{Rational[-1, 2], -0.0625, 
         Rational[-1, 2]}, {-0.5, -0.0625, -0.5}], 
       NCache[{Rational[1, 2], 0.0625, Rational[1, 2]}, {0.5, 0.0625, 0.5}]], 
      NCache[{{{Sin[Rational[17, 100] Pi], 0, Cos[Rational[17, 100] Pi]}, {0, 
         1, 0}, {-Cos[Rational[17, 100] Pi], 0, Sin[Rational[17, 100] Pi]}}, {
        0, 0, 0}}, {{{0.5090414157503713, 0, 0.8607420270039436}, {0, 1, 
         0}, {-0.8607420270039436, 0, 0.5090414157503713}}, {0, 0, 0}}]], 
     NCache[{{{Sin[Rational[3, 50] Pi], -Cos[Rational[3, 50] Pi], 0}, {
        Cos[Rational[3, 50] Pi], Sin[Rational[3, 50] Pi], 0}, {0, 0, 1}}, {
       0.2810719718785869, 1.473430876093033, 0}}, {{{
        0.1873813145857246, -0.9822872507286887, 0}, {
        0.9822872507286887, 0.1873813145857246, 0}, {0, 0, 1}}, {
       0.2810719718785869, 1.473430876093033, 0}}]], 
    GeometricTransformation3DBox[
     GeometricTransformation3DBox[
      CuboidBox[
       NCache[{Rational[-1, 2], -0.0625, 
         Rational[-1, 2]}, {-0.5, -0.0625, -0.5}], 
       NCache[{Rational[1, 2], 0.0625, Rational[1, 2]}, {0.5, 0.0625, 0.5}]], 
      NCache[{{{Sin[Rational[7, 50] Pi], 0, Cos[Rational[7, 50] Pi]}, {0, 1, 
         0}, {-Cos[Rational[7, 50] Pi], 0, Sin[Rational[7, 50] Pi]}}, {0, 0, 
        0}}, {{{0.4257792915650727, 0, 0.9048270524660195}, {0, 1, 
         0}, {-0.9048270524660195, 0, 0.4257792915650727}}, {0, 0, 0}}]], 
     NCache[{{{Sin[Rational[1, 50] Pi], -Cos[Rational[1, 50] Pi], 0}, {
        Cos[Rational[1, 50] Pi], Sin[Rational[1, 50] Pi], 0}, {0, 0, 1}}, {
       0.09418577929397007, 1.4970400926424072`, 0}}, {{{
        0.06279051952931337, -0.9980267284282716, 0}, {
        0.9980267284282716, 0.06279051952931337, 0}, {0, 0, 1}}, {
       0.09418577929397007, 1.4970400926424072`, 0}}]], 
    GeometricTransformation3DBox[
     GeometricTransformation3DBox[
      CuboidBox[
       NCache[{Rational[-1, 2], -0.0625, 
         Rational[-1, 2]}, {-0.5, -0.0625, -0.5}], 
       NCache[{Rational[1, 2], 0.0625, Rational[1, 2]}, {0.5, 0.0625, 0.5}]], 
      NCache[{{{Sin[Rational[11, 100] Pi], 0, Cos[Rational[11, 100] Pi]}, {0, 
         1, 0}, {-Cos[Rational[11, 100] Pi], 0, Sin[Rational[11, 100] Pi]}}, {
        0, 0, 0}}, {{{0.33873792024529137`, 0, 0.9408807689542255}, {0, 1, 
         0}, {-0.9408807689542255, 0, 0.33873792024529137`}}, {0, 0, 0}}]], 
     NCache[{{{-Sin[Rational[1, 50] Pi], -Cos[Rational[1, 50] Pi], 0}, {
        Cos[Rational[1, 50] Pi], -Sin[Rational[1, 50] Pi], 0}, {0, 0, 
        1}}, {-0.09418577929397007, 1.4970400926424072`, 
        0}}, {{{-0.06279051952931337, -0.9980267284282716, 0}, {
        0.9980267284282716, -0.06279051952931337, 0}, {0, 0, 
        1}}, {-0.09418577929397007, 1.4970400926424072`, 0}}]], 
    GeometricTransformation3DBox[
     GeometricTransformation3DBox[
      CuboidBox[
       NCache[{Rational[-1, 2], -0.0625, 
         Rational[-1, 2]}, {-0.5, -0.0625, -0.5}], 
       NCache[{Rational[1, 2], 0.0625, Rational[1, 2]}, {0.5, 0.0625, 0.5}]], 
      NCache[{{{Sin[Rational[2, 25] Pi], 0, Cos[Rational[2, 25] Pi]}, {0, 1, 
         0}, {-Cos[Rational[2, 25] Pi], 0, Sin[Rational[2, 25] Pi]}}, {0, 0, 
        0}}, {{{0.2486898871648548, 0, 0.9685831611286311}, {0, 1, 
         0}, {-0.9685831611286311, 0, 0.2486898871648548}}, {0, 0, 0}}]], 
     NCache[{{{-Sin[Rational[3, 50] Pi], -Cos[Rational[3, 50] Pi], 0}, {
        Cos[Rational[3, 50] Pi], -Sin[Rational[3, 50] Pi], 0}, {0, 0, 
        1}}, {-0.2810719718785869, 1.473430876093033, 
        0}}, {{{-0.1873813145857246, -0.9822872507286887, 0}, {
        0.9822872507286887, -0.1873813145857246, 0}, {0, 0, 
        1}}, {-0.2810719718785869, 1.473430876093033, 0}}]], 
    GeometricTransformation3DBox[
     GeometricTransformation3DBox[
      CuboidBox[
       NCache[{Rational[-1, 2], -0.0625, 
         Rational[-1, 2]}, {-0.5, -0.0625, -0.5}], 
       NCache[{Rational[1, 2], 0.0625, Rational[1, 2]}, {0.5, 0.0625, 0.5}]], 
      NCache[{{{Sin[Rational[1, 20] Pi], 0, Cos[Rational[1, 20] Pi]}, {0, 1, 
         0}, {-Cos[Rational[1, 20] Pi], 0, Sin[Rational[1, 20] Pi]}}, {0, 0, 
        0}}, {{{0.15643446504023087`, 0, 0.9876883405951378}, {0, 1, 
         0}, {-0.9876883405951378, 0, 0.15643446504023087`}}, {0, 0, 0}}]], 
     NCache[{{{
        Rational[1, 4] (1 - 5^Rational[1, 2]), 
         Rational[-1, 2] (Rational[1, 2] (5 + 5^Rational[1, 2]))^
          Rational[1, 2], 0}, {
        Rational[1, 2] (Rational[1, 2] (5 + 5^Rational[1, 2]))^Rational[1, 2],
          Rational[1, 4] (1 - 5^Rational[1, 2]), 0}, {0, 0, 
        1}}, {-0.4635254915624212, 1.4265847744427302`, 
        0}}, {{{-0.30901699437494745`, -0.9510565162951535, 0}, {
        0.9510565162951535, -0.30901699437494745`, 0}, {0, 0, 
        1}}, {-0.4635254915624212, 1.4265847744427302`, 0}}]], 
    GeometricTransformation3DBox[
     GeometricTransformation3DBox[
      CuboidBox[
       NCache[{Rational[-1, 2], -0.0625, 
         Rational[-1, 2]}, {-0.5, -0.0625, -0.5}], 
       NCache[{Rational[1, 2], 0.0625, Rational[1, 2]}, {0.5, 0.0625, 0.5}]], 
      NCache[{{{Sin[Rational[1, 50] Pi], 0, Cos[Rational[1, 50] Pi]}, {0, 1, 
         0}, {-Cos[Rational[1, 50] Pi], 0, Sin[Rational[1, 50] Pi]}}, {0, 0, 
        0}}, {{{0.06279051952931337, 0, 0.9980267284282716}, {0, 1, 
         0}, {-0.9980267284282716, 0, 0.06279051952931337}}, {0, 0, 0}}]], 
     NCache[{{{-Sin[Rational[7, 50] Pi], -Cos[Rational[7, 50] Pi], 0}, {
        Cos[Rational[7, 50] Pi], -Sin[Rational[7, 50] Pi], 0}, {0, 0, 
        1}}, {-0.6386689373476091, 1.3572405786990291`, 
        0}}, {{{-0.4257792915650727, -0.9048270524660195, 0}, {
        0.9048270524660195, -0.4257792915650727, 0}, {0, 0, 
        1}}, {-0.6386689373476091, 1.3572405786990291`, 0}}]], 
    GeometricTransformation3DBox[
     GeometricTransformation3DBox[
      CuboidBox[
       NCache[{Rational[-1, 2], -0.0625, 
         Rational[-1, 2]}, {-0.5, -0.0625, -0.5}], 
       NCache[{Rational[1, 2], 0.0625, Rational[1, 2]}, {0.5, 0.0625, 0.5}]], 
      NCache[{{{-Sin[Rational[1, 100] Pi], 0, Cos[Rational[1, 100] Pi]}, {0, 
         1, 0}, {-Cos[Rational[1, 100] Pi], 0, -Sin[Rational[1, 100] Pi]}}, {
        0, 0, 0}}, {{{-0.03141075907812829, 0, 0.9995065603657316}, {0, 1, 
         0}, {-0.9995065603657316, 0, -0.03141075907812829}}, {0, 0, 0}}]], 
     NCache[{{{-Sin[Rational[9, 50] Pi], -Cos[Rational[9, 50] Pi], 0}, {
        Cos[Rational[9, 50] Pi], -Sin[Rational[9, 50] Pi], 0}, {0, 0, 
        1}}, {-0.803740192468495, 1.2664918882530225`, 
        0}}, {{{-0.5358267949789967, -0.8443279255020151, 0}, {
        0.8443279255020151, -0.5358267949789967, 0}, {0, 0, 
        1}}, {-0.803740192468495, 1.2664918882530225`, 0}}]], 
    GeometricTransformation3DBox[
     GeometricTransformation3DBox[
      CuboidBox[
       NCache[{Rational[-1, 2], -0.0625, 
         Rational[-1, 2]}, {-0.5, -0.0625, -0.5}], 
       NCache[{Rational[1, 2], 0.0625, Rational[1, 2]}, {0.5, 0.0625, 0.5}]], 
      NCache[{{{-Sin[Rational[1, 25] Pi], 0, Cos[Rational[1, 25] Pi]}, {0, 1, 
         0}, {-Cos[Rational[1, 25] Pi], 0, -Sin[Rational[1, 25] Pi]}}, {0, 0, 
        0}}, {{{-0.12533323356430426`, 0, 0.9921147013144779}, {0, 1, 
         0}, {-0.9921147013144779, 0, -0.12533323356430426`}}, {0, 0, 0}}]], 
     NCache[{{{-Sin[Rational[11, 50] Pi], -Cos[Rational[11, 50] Pi], 0}, {
        Cos[Rational[11, 50] Pi], -Sin[Rational[11, 50] Pi], 0}, {0, 0, 
        1}}, {-0.9561359846230344, 1.155769864163684, 
        0}}, {{{-0.6374239897486896, -0.7705132427757893, 0}, {
        0.7705132427757893, -0.6374239897486896, 0}, {0, 0, 
        1}}, {-0.9561359846230344, 1.155769864163684, 0}}]], 
    GeometricTransformation3DBox[
     GeometricTransformation3DBox[
      CuboidBox[
       NCache[{Rational[-1, 2], -0.0625, 
         Rational[-1, 2]}, {-0.5, -0.0625, -0.5}], 
       NCache[{Rational[1, 2], 0.0625, Rational[1, 2]}, {0.5, 0.0625, 0.5}]], 
      NCache[{{{-Sin[Rational[7, 100] Pi], 0, Cos[Rational[7, 100] Pi]}, {0, 
         1, 0}, {-Cos[Rational[7, 100] Pi], 0, -Sin[Rational[7, 100] Pi]}}, {
        0, 0, 0}}, {{{-0.21814324139654256`, 0, 0.9759167619387474}, {0, 1, 
         0}, {-0.9759167619387474, 0, -0.21814324139654256`}}, {0, 0, 0}}]], 
     NCache[{{{-Cos[Rational[6, 25] Pi], -Sin[Rational[6, 25] Pi], 0}, {
        Sin[Rational[6, 25] Pi], -Cos[Rational[6, 25] Pi], 0}, {0, 0, 
        1}}, {-1.0934529411321172`, 1.0268206588930329`, 
        0}}, {{{-0.7289686274214116, -0.6845471059286886, 0}, {
        0.6845471059286886, -0.7289686274214116, 0}, {0, 0, 
        1}}, {-1.0934529411321172`, 1.0268206588930329`, 0}}]], 
    GeometricTransformation3DBox[
     GeometricTransformation3DBox[
      CuboidBox[
       NCache[{Rational[-1, 2], -0.0625, 
         Rational[-1, 2]}, {-0.5, -0.0625, -0.5}], 
       NCache[{Rational[1, 2], 0.0625, Rational[1, 2]}, {0.5, 0.0625, 0.5}]], 
      NCache[{{{
         Rational[1, 4] (1 - 5^Rational[1, 2]), 0, 
          Rational[1, 2] (Rational[1, 2] (5 + 5^Rational[1, 2]))^
           Rational[1, 2]}, {0, 1, 0}, {
         Rational[-1, 2] (Rational[1, 2] (5 + 5^Rational[1, 2]))^
           Rational[1, 2], 0, Rational[1, 4] (1 - 5^Rational[1, 2])}}, {0, 0, 
        0}}, {{{-0.30901699437494745`, 0, 0.9510565162951535}, {0, 1, 
         0}, {-0.9510565162951535, 0, -0.30901699437494745`}}, {0, 0, 0}}]], 
     NCache[{{{
        Rational[1, 4] (-1 - 5^Rational[1, 2]), 
         Rational[-1, 2] (Rational[1, 2] (5 - 5^Rational[1, 2]))^
          Rational[1, 2], 0}, {
        Rational[1, 2] (Rational[1, 2] (5 - 5^Rational[1, 2]))^Rational[1, 2],
          Rational[1, 4] (-1 - 5^Rational[1, 2]), 0}, {0, 0, 
        1}}, {-1.2135254915624212`, 0.8816778784387097, 
        0}}, {{{-0.8090169943749475, -0.5877852522924731, 0}, {
        0.5877852522924731, -0.8090169943749475, 0}, {0, 0, 
        1}}, {-1.2135254915624212`, 0.8816778784387097, 0}}]], 
    GeometricTransformation3DBox[
     GeometricTransformation3DBox[
      CuboidBox[
       NCache[{Rational[-1, 2], -0.0625, 
         Rational[-1, 2]}, {-0.5, -0.0625, -0.5}], 
       NCache[{Rational[1, 2], 0.0625, Rational[1, 2]}, {0.5, 0.0625, 0.5}]], 
      NCache[{{{-Sin[Rational[13, 100] Pi], 0, Cos[Rational[13, 100] Pi]}, {0,
          1, 0}, {-Cos[Rational[13, 100] Pi], 0, -
          Sin[Rational[13, 100] Pi]}}, {0, 0, 
        0}}, {{{-0.3971478906347806, 0, 0.9177546256839811}, {0, 1, 
         0}, {-0.9177546256839811, 0, -0.3971478906347806}}, {0, 0, 0}}]], 
     NCache[{{{-Cos[Rational[4, 25] Pi], -Sin[Rational[4, 25] Pi], 0}, {
        Sin[Rational[4, 25] Pi], -Cos[Rational[4, 25] Pi], 0}, {0, 0, 
        1}}, {-1.3144600200657954`, 0.722630511152573, 
        0}}, {{{-0.8763066800438636, -0.4817536741017153, 0}, {
        0.4817536741017153, -0.8763066800438636, 0}, {0, 0, 
        1}}, {-1.3144600200657954`, 0.722630511152573, 0}}]], 
    GeometricTransformation3DBox[
     GeometricTransformation3DBox[
      CuboidBox[
       NCache[{Rational[-1, 2], -0.0625, 
         Rational[-1, 2]}, {-0.5, -0.0625, -0.5}], 
       NCache[{Rational[1, 2], 0.0625, Rational[1, 2]}, {0.5, 0.0625, 0.5}]], 
      NCache[{{{-Sin[Rational[4, 25] Pi], 0, Cos[Rational[4, 25] Pi]}, {0, 1, 
         0}, {-Cos[Rational[4, 25] Pi], 0, -Sin[Rational[4, 25] Pi]}}, {0, 0, 
        0}}, {{{-0.4817536741017153, 0, 0.8763066800438636}, {0, 1, 
         0}, {-0.8763066800438636, 0, -0.4817536741017153}}, {0, 0, 0}}]], 
     NCache[{{{-Cos[Rational[3, 25] Pi], -Sin[Rational[3, 25] Pi], 0}, {
        Sin[Rational[3, 25] Pi], -Cos[Rational[3, 25] Pi], 0}, {0, 0, 
        1}}, {-1.3946647288323772`, 0.5521868290270169, 
        0}}, {{{-0.9297764858882515, -0.3681245526846779, 0}, {
        0.3681245526846779, -0.9297764858882515, 0}, {0, 0, 
        1}}, {-1.3946647288323772`, 0.5521868290270169, 0}}]], 
    GeometricTransformation3DBox[
     GeometricTransformation3DBox[
      CuboidBox[
       NCache[{Rational[-1, 2], -0.0625, 
         Rational[-1, 2]}, {-0.5, -0.0625, -0.5}], 
       NCache[{Rational[1, 2], 0.0625, Rational[1, 2]}, {0.5, 0.0625, 0.5}]], 
      NCache[{{{-Sin[Rational[19, 100] Pi], 0, Cos[Rational[19, 100] Pi]}, {0,
          1, 0}, {-Cos[Rational[19, 100] Pi], 0, -
          Sin[Rational[19, 100] Pi]}}, {0, 0, 
        0}}, {{{-0.5620833778521306, 0, 0.8270805742745618}, {0, 1, 
         0}, {-0.8270805742745618, 0, -0.5620833778521306}}, {0, 0, 0}}]], 
     NCache[{{{-Cos[Rational[2, 25] Pi], -Sin[Rational[2, 25] Pi], 0}, {
        Sin[Rational[2, 25] Pi], -Cos[Rational[2, 25] Pi], 0}, {0, 0, 
        1}}, {-1.4528747416929466`, 0.37303483074728216`, 
        0}}, {{{-0.9685831611286311, -0.2486898871648548, 0}, {
        0.2486898871648548, -0.9685831611286311, 0}, {0, 0, 
        1}}, {-1.4528747416929466`, 0.37303483074728216`, 0}}]], 
    GeometricTransformation3DBox[
     GeometricTransformation3DBox[
      CuboidBox[
       NCache[{Rational[-1, 2], -0.0625, 
         Rational[-1, 2]}, {-0.5, -0.0625, -0.5}], 
       NCache[{Rational[1, 2], 0.0625, Rational[1, 2]}, {0.5, 0.0625, 0.5}]], 
      NCache[{{{-Sin[Rational[11, 50] Pi], 0, Cos[Rational[11, 50] Pi]}, {0, 
         1, 0}, {-Cos[Rational[11, 50] Pi], 0, -Sin[Rational[11, 50] Pi]}}, {
        0, 0, 0}}, {{{-0.6374239897486896, 0, 0.7705132427757893}, {0, 1, 
         0}, {-0.7705132427757893, 0, -0.6374239897486896}}, {0, 0, 0}}]], 
     NCache[{{{-Cos[Rational[1, 25] Pi], -Sin[Rational[1, 25] Pi], 0}, {
        Sin[Rational[1, 25] Pi], -Cos[Rational[1, 25] Pi], 0}, {0, 0, 
        1}}, {-1.4881720519717168`, 0.1879998503464564, 
        0}}, {{{-0.9921147013144779, -0.12533323356430426`, 0}, {
        0.12533323356430426`, -0.9921147013144779, 0}, {0, 0, 
        1}}, {-1.4881720519717168`, 0.1879998503464564, 0}}]], 
    GeometricTransformation3DBox[
     GeometricTransformation3DBox[
      CuboidBox[
       NCache[{Rational[-1, 2], -0.0625, 
         Rational[-1, 2]}, {-0.5, -0.0625, -0.5}], 
       NCache[{Rational[1, 2], 0.0625, Rational[1, 2]}, {0.5, 0.0625, 0.5}]], 
      NCache[{{{-2^Rational[-1, 2], 0, 2^Rational[-1, 2]}, {0, 1, 
         0}, {-2^Rational[-1, 2], 0, -2^Rational[-1, 2]}}, {0, 0, 
        0}}, {{{-0.7071067811865475, 0, 0.7071067811865475}, {0, 1, 
         0}, {-0.7071067811865475, 0, -0.7071067811865475}}, {0, 0, 
        0}}]], {{{-1, 0, 0}, {0, -1, 0}, {0, 0, 1}}, {-1.5, 0., 0}}], 
    GeometricTransformation3DBox[
     GeometricTransformation3DBox[
      CuboidBox[
       NCache[{Rational[-1, 2], -0.0625, 
         Rational[-1, 2]}, {-0.5, -0.0625, -0.5}], 
       NCache[{Rational[1, 2], 0.0625, Rational[1, 2]}, {0.5, 0.0625, 0.5}]], 
      NCache[{{{-Cos[Rational[11, 50] Pi], 0, Sin[Rational[11, 50] Pi]}, {0, 
         1, 0}, {-Sin[Rational[11, 50] Pi], 0, -Cos[Rational[11, 50] Pi]}}, {
        0, 0, 0}}, {{{-0.7705132427757893, 0, 0.6374239897486896}, {0, 1, 
         0}, {-0.6374239897486896, 0, -0.7705132427757893}}, {0, 0, 0}}]], 
     NCache[{{{-Cos[Rational[1, 25] Pi], Sin[Rational[1, 25] Pi], 0}, {-
         Sin[Rational[1, 25] Pi], -Cos[Rational[1, 25] Pi], 0}, {0, 0, 
        1}}, {-1.4881720519717168`, -0.1879998503464564, 
        0}}, {{{-0.9921147013144779, 0.12533323356430426`, 
         0}, {-0.12533323356430426`, -0.9921147013144779, 0}, {0, 0, 
        1}}, {-1.4881720519717168`, -0.1879998503464564, 0}}]], 
    GeometricTransformation3DBox[
     GeometricTransformation3DBox[
      CuboidBox[
       NCache[{Rational[-1, 2], -0.0625, 
         Rational[-1, 2]}, {-0.5, -0.0625, -0.5}], 
       NCache[{Rational[1, 2], 0.0625, Rational[1, 2]}, {0.5, 0.0625, 0.5}]], 
      NCache[{{{-Cos[Rational[19, 100] Pi], 0, Sin[Rational[19, 100] Pi]}, {0,
          1, 0}, {-Sin[Rational[19, 100] Pi], 0, -
          Cos[Rational[19, 100] Pi]}}, {0, 0, 
        0}}, {{{-0.8270805742745618, 0, 0.5620833778521306}, {0, 1, 
         0}, {-0.5620833778521306, 0, -0.8270805742745618}}, {0, 0, 0}}]], 
     NCache[{{{-Cos[Rational[2, 25] Pi], Sin[Rational[2, 25] Pi], 0}, {-
         Sin[Rational[2, 25] Pi], -Cos[Rational[2, 25] Pi], 0}, {0, 0, 
        1}}, {-1.4528747416929466`, -0.37303483074728216`, 
        0}}, {{{-0.9685831611286311, 0.2486898871648548, 
         0}, {-0.2486898871648548, -0.9685831611286311, 0}, {0, 0, 
        1}}, {-1.4528747416929466`, -0.37303483074728216`, 0}}]], 
    GeometricTransformation3DBox[
     GeometricTransformation3DBox[
      CuboidBox[
       NCache[{Rational[-1, 2], -0.0625, 
         Rational[-1, 2]}, {-0.5, -0.0625, -0.5}], 
       NCache[{Rational[1, 2], 0.0625, Rational[1, 2]}, {0.5, 0.0625, 0.5}]], 
      NCache[{{{-Cos[Rational[4, 25] Pi], 0, Sin[Rational[4, 25] Pi]}, {0, 1, 
         0}, {-Sin[Rational[4, 25] Pi], 0, -Cos[Rational[4, 25] Pi]}}, {0, 0, 
        0}}, {{{-0.8763066800438636, 0, 0.4817536741017153}, {0, 1, 
         0}, {-0.4817536741017153, 0, -0.8763066800438636}}, {0, 0, 0}}]], 
     NCache[{{{-Cos[Rational[3, 25] Pi], Sin[Rational[3, 25] Pi], 0}, {-
         Sin[Rational[3, 25] Pi], -Cos[Rational[3, 25] Pi], 0}, {0, 0, 
        1}}, {-1.3946647288323772`, -0.5521868290270169, 
